[gd_scene load_steps=14 format=2]

[ext_resource path="res://assets/models/character.tscn" type="PackedScene" id=1]
[ext_resource path="res://src/Characters/Character.cs" type="Script" id=2]
[ext_resource path="res://assets/textures/eye/eye.png" type="Texture" id=3]
[ext_resource path="res://assets/textures/eye/eye_high.png" type="Texture" id=4]
[ext_resource path="res://assets/textures/eye/eye_closed.png" type="Texture" id=5]
[ext_resource path="res://assets/textures/eye/eye_center.png" type="Texture" id=6]
[ext_resource path="res://assets/textures/eye/eye_mid.png" type="Texture" id=7]
[ext_resource path="res://resources/eater_statuses.tres" type="Resource" id=8]

[sub_resource type="SphereShape" id=6]
radius = 2.5203

[sub_resource type="AnimationNodeStateMachinePlayback" id=2]

[sub_resource type="CapsuleShape" id=4]
radius = 1.75083
height = 6.1113

[sub_resource type="CylinderShape" id=3]
height = 11.4252
radius = 3.1957

[sub_resource type="SpatialMaterial" id=5]
flags_unshaded = true
albedo_color = Color( 1, 0, 0, 1 )

[node name="CharacterKB" type="KinematicBody"]
transform = Transform( 0.999995, 0, 0.00324631, 0, 1, 0, -0.00324631, 0, 0.999995, 0, 0, 0 )
collision_layer = 8
collision_mask = 6
script = ExtResource( 2 )
animTreePath = NodePath("character/AnimationTree")
sensorAreaPath = NodePath("Sensor")
sensorMouthPath = NodePath("character/Armature/Skeleton/Mouth/MouthSensor")
navigationAgentPath = NodePath("NavigationAgent")
igPath = NodePath("ig")
eyePath = NodePath("character/Armature/Skeleton/Eyes/REye/character_eye/Sphere")
eyeTextures = [ ExtResource( 3 ), ExtResource( 4 ), ExtResource( 7 ), ExtResource( 6 ), ExtResource( 5 ) ]
statusesResource = ExtResource( 8 )
labelVelPath = NodePath("")

[node name="character" parent="." instance=ExtResource( 1 )]
transform = Transform( 0.17, 0, 0, 0, 0.17, 0, 0, 0, 0.17, 0, 0, 0 )

[node name="Skeleton" parent="character/Armature" index="0"]
bones/18/bound_children = [ NodePath("Mouth") ]

[node name="Eyes" parent="character/Armature/Skeleton" index="1"]
transform = Transform( 1, -3.72529e-07, -2.90573e-06, 2.09734e-06, -0.536899, 0.843646, 7.7486e-07, -0.843649, -0.536902, -0.095301, 8.73497, -1.16686 )

[node name="Mouth" type="BoneAttachment" parent="character/Armature/Skeleton" index="2"]
transform = Transform( 1, -1.51992e-06, 3.20375e-07, 1.63913e-07, 0.421706, 0.906732, 1.2219e-06, -0.906736, 0.421707, -0.095298, 5.50119, -1.36198 )
bone_name = "mouth_down"

[node name="MouthSensor" type="Area" parent="character/Armature/Skeleton/Mouth"]
transform = Transform( 1, -4.16767e-08, -2.66009e-08, -1.86265e-08, 0.99516, 0.0982758, 9.66247e-08, -0.0982761, 0.995158, -0.000863798, 0.306892, 0.848641 )
collision_mask = 64

[node name="CollisionShape" type="CollisionShape" parent="character/Armature/Skeleton/Mouth/MouthSensor"]
shape = SubResource( 6 )

[node name="AnimationPlayer" parent="character" index="1"]
playback_speed = 1.2

[node name="AnimationTree" parent="character" index="2"]
active = true
root_motion_track = NodePath("Armature/Skeleton:root")
parameters/playback = SubResource( 2 )

[node name="CollisionShape" type="CollisionShape" parent="."]
transform = Transform( 0.17, 2.91038e-10, -4.68375e-17, 0, -7.43094e-09, -0.17, -2.91038e-10, 0.17, -7.43094e-09, -0.00040984, 0.785543, 0.0100294 )
shape = SubResource( 4 )

[node name="NavigationAgent" type="NavigationAgent" parent="."]

[node name="Sensor" type="Area" parent="."]
transform = Transform( 0.17, 0, 0, 0, 0.17, 0, 0, 0, 0.17, 0, 0, 0 )
collision_mask = 7

[node name="CollisionShape" type="CollisionShape" parent="Sensor"]
transform = Transform( 1, 0, 0, 0, 1, 0, 0, 0, 1, 0, 5.31535, -0.0892117 )
shape = SubResource( 3 )

[node name="ig" type="ImmediateGeometry" parent="."]
material_override = SubResource( 5 )

[editable path="character"]
[editable path="character/Armature/Skeleton/Eyes/REye/character_eye"]
[editable path="character/Armature/Skeleton/Eyes/LEye/character_eye"]
